81
195, 9, 68, 102, 204, 140, 28, 205, 176, 189, 3
189, 104, 112, 139, 35, 150, 139, 156
141, 116, 27, 238, 215
6, 34, 163, 57, 201, 92, 218
32, 54, 106, 5, 1, 106, 42, 188, 200, 209, 176
198, 21, 140, 130, 174, 105, 182, 106
80, 19, 78, 64, 202, 232, 43
202, 198, 82, 46, 61, 190, 80, 177, 137, 159, 188
40, 147, 136, 171, 206, 189, 54, 125, 71, 45, 16, 151
96, 95, 56, 119, 16
200, 94, 125, 102, 103, 69, 0, 218, 9, 40, 177, 85
227, 188, 206, 68, 12, 160, 88, 31, 83, 159, 99, 109, 225, 172
106, 80, 70, 79, 154, 60, 196, 211, 133
46, 22, 222, 189
89, 55, 185, 23
32, 105, 202, 218, 220, 101, 33, 165, 72, 171, 173, 199
78, 44, 53, 97, 95, 224, 226, 172, 183, 119
197, 131, 52
19, 88, 30, 52, 191, 125, 88, 30
140, 77, 144, 133, 35, 52, 189, 44, 113, 195, 92, 109, 69, 85, 131
238, 76, 90, 91, 74, 73, 33
83, 152, 77, 152, 17
47, 137, 132, 143, 155
119, 6, 208, 21, 23, 9, 158, 159, 75, 176, 192, 14
205, 118, 28, 4, 125, 120, 169, 163
8, 112, 75, 201, 27
39, 20, 127, 86, 52, 185, 152, 79, 210, 126, 99, 3, 150, 38, 6
194, 221, 193, 39, 137, 215, 183, 186, 85, 24, 178, 22, 59
144, 32, 208, 42, 44, 51, 149
151, 240, 176, 116
53, 15, 24, 134, 112, 71, 180, 20, 47, 45, 145, 122
40, 71, 64, 19, 53, 228, 182, 52, 131, 195, 165, 120, 149
43, 190, 72, 227, 64, 89, 197, 225, 111, 162, 139, 219
66, 27, 149, 55, 74, 35, 153, 52, 71, 89, 194, 76, 125
188, 198, 69, 216, 120, 86, 187, 125
168, 32, 39, 43, 145, 6, 173, 11
130, 35, 151, 100, 83, 118, 238, 213, 186, 215
18, 34
139, 122, 160, 96, 70, 118, 89, 172, 168, 76, 42, 89
216, 168, 74, 163, 24, 60, 80, 20, 57, 168, 90, 172, 192, 92
216, 217, 0, 201, 170, 30, 236, 14, 35, 67
171, 74, 154, 90
107, 220, 192
199, 120, 121, 32, 69, 141, 220, 136, 20, 123, 142
18, 235, 65, 190, 48, 235, 9, 7, 78, 143
42, 108, 157, 65, 38, 186, 88
224, 51, 38, 9, 175, 86, 60, 27, 134, 103
150, 41, 71, 74, 202, 142, 133, 41, 177, 163, 231, 94, 239, 68
157, 142, 129, 39
213, 241, 161, 104, 27
228, 176, 147, 143
179, 145, 65, 174, 169, 152, 189
122, 80, 96, 8, 191, 121, 234, 194, 179, 75, 53, 178, 98, 178, 17
40, 41, 229, 177, 183, 59, 144, 41, 26, 89, 117, 12
225, 156, 39, 26, 172, 77, 200, 180, 144, 237
209, 43, 95, 198, 73, 98, 61
86, 224, 131, 105, 151, 132, 28, 204, 17, 20, 168, 15
24, 164, 77, 64, 163
65
90, 228
119, 154, 96
122, 90, 67
78, 86, 169
30
160, 154, 68, 42, 104, 141, 104, 25, 191, 196, 226
182, 228, 156, 175, 97, 224
57, 197, 156, 223, 182
108, 23, 45, 199, 116, 70
160, 150, 205, 120, 100, 209, 176, 241, 14, 55, 32, 187, 89, 75, 51
220, 106, 236, 156, 217
182, 211, 167, 19, 134, 47, 70
32, 117, 93, 140, 186
217, 137, 42, 233
154, 55, 90, 210, 202, 186, 121, 133, 73, 114
69, 135, 192, 146, 139, 64, 221, 170, 115, 35, 99, 226, 185, 228
230, 137, 182, 76, 89, 108, 236, 108, 120
78, 162, 102, 126, 129, 142, 97, 2, 216
202, 77, 65
241, 18, 53, 128, 62, 161, 100, 116, 174, 4, 223, 31, 141, 164
185, 167
220, 98, 48
171, 142, 25, 226, 81, 38, 190, 166, 11, 192, 139
56, 140, 35, 120, 236, 221, 229, 8, 173
223, 39, 14, 179, 48, 1, 22
20, 110, 18, 161, 229, 201, 70, 110, 85, 241, 52, 88, 32, 38
144, 178, 229, 11, 218, 99, 63, 17, 122, 5, 32
120, 121, 5, 36, 17, 225, 218
160, 38, 154, 71, 196, 181, 128, 179, 77, 63, 190, 121
203, 170, 138, 222, 236
26, 145, 0, 12, 47, 152, 65, 34, 28, 28, 178, 104, 16, 200, 0
221, 60, 95, 114, 12, 217, 95, 33, 172
190, 170, 148, 80, 192, 225, 205, 73, 186, 196, 181
54, 199, 59, 95, 48, 184
198, 153, 181, 148, 46, 31, 208, 81, 227, 21, 215, 238, 57, 6
61, 222, 114, 9, 206, 107, 218, 214, 95, 224, 81, 154
96, 192
74, 116, 27, 91, 144, 57, 46, 132, 130, 91, 138, 143, 22, 192
164, 28
202, 64, 93, 27, 1, 181, 2, 134, 76, 10, 58, 110, 178
225, 237, 179, 80, 70, 90, 161, 14, 211
186, 174, 28
0, 169, 165, 165, 85, 90, 108, 14, 155, 115, 38, 45
144, 53, 183, 192, 166, 162, 101, 172, 91, 95, 104, 159, 32, 92
163, 194, 109, 10, 8, 125, 24, 42, 6, 219
130, 194, 63, 140, 13, 201, 20, 80, 227
126, 160, 62, 3, 21
224, 12, 129, 91, 44, 163, 51, 162, 133, 31, 142, 150, 150
19, 222
17, 37, 185
45, 160, 31, 85, 187, 20, 234, 15
206, 25, 140, 41, 240
31, 155, 52, 127
83, 50, 156, 100, 216, 117, 229, 3, 222, 111, 139
77, 110, 7, 222, 104, 203, 146, 101, 86, 202, 92, 5, 113, 11
159, 186, 131, 36, 241, 169, 81
31
18, 124
76, 190, 79, 6
89, 113, 153, 75, 46, 96, 9, 230, 152, 60, 7
106, 58, 41, 108, 115, 210, 131, 150, 51, 3
122, 69, 24, 176, 96, 74, 179, 78, 122, 189, 191, 79
30, 45, 205, 148, 6, 197, 13, 206
108, 1
29, 147, 159, 208, 211, 210, 185, 126, 200, 199, 78
169, 218, 36, 152, 186, 166, 55, 46
23, 198, 8, 55, 182, 35, 111, 240, 134, 82, 10, 61, 146, 56
179, 149, 47, 127
144, 125, 136, 223, 9
72, 240, 195, 23, 229, 203
83, 155, 66
61, 134, 186, 222, 146, 45, 29, 211, 143, 123, 205
27, 226, 25, 202, 215, 137, 201, 22, 157, 76, 52
3
130, 113, 211, 23, 30, 25, 192, 25
130, 35, 78, 193, 77, 239, 219, 25, 137, 116, 22
189, 225, 75, 143, 23, 60, 223, 98, 229, 124, 230, 61, 69, 36, 182
221, 51, 182, 221, 204, 206, 173, 124, 241, 44, 199, 133, 238
27, 219, 1, 13, 91, 181, 83, 203, 233, 239, 137
111, 13, 205, 83, 204, 113, 216
42, 50, 92, 111, 191, 185
185, 33, 197, 157, 210, 236, 29, 46, 193, 21, 37, 69
42, 236, 180, 156, 4, 166, 55, 1, 21, 7, 232, 62
151, 104, 132, 19, 174, 172, 7, 110, 80
93, 67, 94, 17, 197, 196, 151, 236, 232, 126, 200, 47, 195
118, 180, 76, 173, 169
185, 221, 14, 43, 178
129, 170
231, 98, 48, 241, 85, 99, 10, 161, 147
44, 86, 199, 140, 145, 179, 155, 41, 214, 227, 72
215, 89, 86, 195, 59, 58, 73, 106, 62, 101, 190, 44
38, 175, 61, 52, 1, 182, 78, 116, 49, 209, 57, 2, 42
64, 239, 9, 91
174, 113, 236
196, 229, 51, 186, 167, 52
192, 85, 90, 148, 36, 234, 71, 60, 184
104, 17
135, 236, 59, 125, 82
153, 159, 48, 68, 96, 175, 87, 200, 135, 149, 13, 217, 99, 158
219, 221, 222, 185, 139, 6
153, 194, 156, 69
84, 81, 85, 52, 36
36
184, 144, 173, 149, 186, 102, 146, 160, 211, 127, 204, 157, 100, 203, 49
37, 87, 165, 91, 221, 52, 167, 200, 154, 14
121, 187, 127, 8, 213
16
116, 146, 197, 230, 157, 179, 117, 151, 3, 60, 102, 110, 26, 148
79, 95, 174
123, 228, 222, 128, 217, 30, 203
192, 23, 200, 184, 74, 161, 83, 76, 190, 231
170, 226
127, 13, 37, 3, 123, 102, 153, 12, 96
90, 55, 53, 145, 230, 33
34, 88
220, 1, 201, 8, 76, 20, 240, 32, 113, 75
19, 226, 233, 161, 201, 88
63, 103, 49, 241, 231, 36, 231, 123, 174, 67
82, 20, 60, 24, 213, 16, 41, 240, 75, 35, 187
110, 2, 186, 111, 210, 107
16, 90, 30, 187, 170, 236, 122, 117, 188
52, 72, 37, 181, 117, 102, 201, 19, 194, 12, 43, 141, 18
42, 81, 104, 15, 71, 72, 97, 120, 124, 74, 181, 180, 107, 213
110, 63, 107, 19, 53, 26, 123, 69
135, 235
132, 5, 10, 112
233, 4, 169, 186, 172, 223, 204, 149
194, 235, 27, 229, 23, 187, 100, 165, 231, 151, 18, 205, 50
73, 188, 170, 114, 168, 226, 58, 112, 121, 151, 157, 119, 129
223, 128, 152, 217, 141, 125, 163, 196, 19, 153, 23
75, 169, 209
9, 112, 122, 142, 189, 110, 182, 65, 155, 131, 187, 230, 96, 227
39, 180, 41, 168, 221, 153, 187, 226, 124, 101, 145, 137
221, 166, 131, 78, 86, 11, 230, 11, 58, 37, 189, 20, 98, 172, 146
180, 78, 167, 208
215, 90, 50, 86, 225, 96, 192, 138, 110, 103, 208
166, 216, 29, 83
141, 50, 121, 135, 29, 157, 27, 202, 77, 225, 119
55, 62
229, 194, 123, 219, 91, 33
88, 68, 54, 175, 208, 198, 143, 148, 38, 145, 141
65, 193, 174
23, 182, 191, 240, 76, 87, 226, 201, 147, 221, 222, 16, 22, 180
160, 66, 133, 186, 87, 13
25, 20, 159, 44, 159, 138, 53, 20, 157, 52, 182, 119, 20
194, 9, 213, 99
19, 0, 65, 220, 111, 43, 18, 191
46, 133, 132, 167, 130, 203, 59
53, 142, 12, 152, 167, 14, 171, 26, 50, 171, 111, 135, 171, 135, 125
120, 216, 15
9, 77, 197, 236, 185, 48, 154, 135, 124, 234, 15
101, 176, 37, 112, 22, 153, 225, 27, 186, 3, 128, 208, 230, 89
200, 59, 198, 200, 187, 173, 163, 49, 46
142, 144
71, 131, 80, 215, 236, 19, 131, 87, 55
111, 1, 193, 194, 97, 62
20, 7, 82, 180, 81, 29, 45, 113
201, 63, 169, 23, 39, 76, 72, 68
47, 134, 208, 28, 140, 185
49, 198, 140, 40
26, 229, 190, 184, 228, 109, 2, 182, 239, 189, 50
241, 6, 37, 0, 213, 17, 145, 85, 33, 217, 34, 224
240, 27
74, 62, 150, 5, 218, 41
164, 186, 220, 219, 130, 2, 39, 193, 28, 57, 122, 82, 136, 236, 211
219, 183, 34, 7, 152, 182, 231, 19, 27
128, 156
111, 44, 138
156, 15, 123, 145, 184, 90, 39, 131, 62, 155
216, 137, 13, 59, 17, 230, 48, 174, 89
120, 184, 69, 232
171, 52, 28
220, 225, 166, 234, 169, 237, 232, 27, 41, 221, 105, 25
47, 126, 138
175, 1, 14, 190, 131, 126, 158, 206, 145, 215, 73, 171, 15, 143
13, 15, 112, 128, 121, 73, 159, 129
88, 75
217, 223, 22
17, 210, 24, 42, 210, 5, 20, 227, 207, 46, 97, 35
26, 0, 173, 47, 90, 30, 126, 56, 167, 108, 216, 26, 65
3, 11, 52
163
59
129, 229, 47, 201, 191, 148, 195, 221, 215
10, 7, 22, 80, 166, 235, 211, 211
190, 123
163, 31, 241, 13, 139, 12, 51, 3, 69
52, 30, 204, 143
53, 80, 132, 85, 174, 112, 196
59, 240, 168, 38, 162
4, 213, 50, 209, 227
183, 16, 41, 6, 100, 88
53, 238, 145, 241, 12, 154, 171, 88, 183, 184, 12
201, 219, 89, 168, 33, 171, 138, 212, 152, 37, 72, 124
198
16, 221, 196, 70, 151, 2, 21, 225, 200, 146, 195, 121, 89
235, 192, 65, 96, 71, 96, 207, 189, 67, 135, 63, 104, 121, 158, 234
103, 110, 135, 224, 145, 145, 74, 90, 10, 187
217, 54, 133, 151, 171, 44, 4, 56, 185
38, 232, 0, 103
96, 21
189, 176, 182, 86, 233, 26, 121, 13, 101, 181, 182, 205, 44, 235, 146
206, 212, 39, 197, 193, 165, 54, 133, 107, 172, 21, 93, 31
3, 111, 97, 58, 33, 178, 28, 121, 149, 156, 190, 26, 207, 178, 229
6, 119, 81, 118, 222, 95, 203, 231, 71, 21, 70, 48, 101, 180
176, 228, 87, 102, 90, 31, 229, 19, 218, 177, 40, 136
21, 77, 5, 98, 96, 231, 6, 8, 31, 187, 16, 114, 103, 23, 196
144, 48, 159, 172, 144, 103
18, 163, 223, 97, 99, 169, 182, 38, 184, 86, 147, 128
157
27, 162, 158, 179, 94, 96, 166, 218, 20, 122, 125
56
60, 183, 199, 31, 202, 2, 103, 49, 153, 241, 169, 135
117, 86, 132, 172
104, 172, 82, 126, 241, 82, 153
182, 206, 71, 185, 81, 56, 26, 158, 237, 97, 86, 13, 89
201, 113, 110, 217
152, 50, 49, 87, 156, 6, 155, 77, 223, 213, 235, 168, 231
182
161, 162, 75, 112, 38, 172, 130, 181, 170, 24, 177, 116
219, 137, 227, 183, 206, 225, 155, 129, 228, 145, 222, 116, 166, 26, 195
57, 33, 0, 191, 195, 180, 45, 67, 144, 74, 230, 16, 180, 30
238, 5, 83, 91
36, 187, 148, 27, 38, 81, 206
133, 62, 215, 22, 35, 6, 95
220, 151, 70, 76, 173, 207
28, 194, 163, 47, 117, 51, 10, 138, 90
98, 79, 184
215, 27, 114, 22, 15, 79, 167, 36, 45, 99, 204
118, 181, 94, 67, 65, 135, 224, 1, 218, 32, 87, 172
103, 153
161, 217, 16, 6, 139, 127, 65, 133, 189, 165, 39, 16, 233, 197, 15
5, 225, 146, 152, 180, 66, 112, 129, 19, 196
233, 133, 22, 229, 145, 75, 40, 186, 176, 222, 74, 18
139, 138, 29, 177, 90
42, 170, 24, 133, 135, 7, 24
164, 231, 54, 72, 216, 53
207, 169, 154, 68, 202, 186, 178, 124, 193, 127
113, 158, 124, 220, 46, 18, 180, 109
24, 34, 32
199, 140, 62, 162, 230, 237, 104, 212, 47, 128, 49, 86, 75
227, 99, 155, 214, 33, 151, 134
96, 58, 159, 56, 168, 5, 1, 66, 223, 19, 216, 109, 56
203, 116, 3, 167, 180, 51, 188, 223, 169, 79, 74, 201, 232
32, 74, 96, 95, 142, 43, 33, 10, 80, 43, 213, 57, 94, 42, 199
133, 170
71, 3, 169, 105, 162, 237, 223
152, 184, 83, 210, 145, 238, 126
199, 127, 18, 186, 42, 4, 39, 157, 30, 21, 127, 97, 120
171, 179, 201, 78, 39, 235, 53, 199, 147, 118
146, 170, 20, 159, 157, 237, 100, 1
2, 175, 139, 216, 73, 90, 37, 77, 36, 144, 234, 230, 69, 232, 176
171, 186, 68, 156, 161, 75, 172, 225, 35, 103, 178, 61, 168, 10, 73
14, 229, 125, 109, 210, 19, 24, 11, 105, 212, 119, 186
15, 202, 159, 221, 85, 85, 136, 3, 209, 0, 181, 185, 200, 99, 56
110, 143, 68, 205, 147, 20, 176, 79, 6, 237, 92, 18
160, 196, 200, 144, 8, 127, 202, 182, 145, 70, 47, 198, 94
144, 203
9, 138, 136
2, 80, 205, 44, 84, 34, 103, 54, 64, 166, 183, 27
146, 237, 15, 105, 116, 209, 71, 38, 171, 197, 240, 10, 174
214
175, 170, 112, 226, 31, 87, 44, 155, 27, 134, 178, 117, 172
196, 219, 162, 106, 210, 196, 72, 142, 56, 144, 165
212, 110, 195, 2, 132, 215, 74, 153
31, 22, 60, 66, 235
16, 64, 10, 29, 8, 210, 148, 159, 45, 209, 47, 112, 186, 227
163, 88, 6, 29, 109
44, 227, 160, 82, 40, 79
28, 58, 124, 166, 179, 223, 227, 65
74, 26, 150, 207, 205, 219, 32
112, 208, 136, 226, 149, 44, 99, 102, 200, 210, 107, 139, 68, 88, 55
25, 41, 98, 234, 84, 36, 1, 201
7, 233, 7, 78, 156, 62, 114
225, 50, 235, 11, 110, 202, 78, 17
124, 82, 62, 50, 199, 54, 212, 194, 117, 237, 79, 124
97, 43, 129, 211, 217, 36
39, 208
146, 215, 24, 132
216, 38, 232, 205, 44, 204, 38
134, 105, 228, 23, 212, 121, 61, 139, 213, 156, 62
8, 195, 163, 173, 211, 8
27, 138, 240, 38, 34, 95, 156, 55, 182, 147, 237, 29
17, 48, 71, 167, 240
40, 102, 108, 42, 31, 241, 237, 105, 145
113, 20, 192, 129, 198, 90, 126, 149, 11
165, 39, 138
81, 62, 71, 203, 230
45, 173, 230, 96, 111, 26, 218, 138, 100
164, 177, 150, 136, 18, 163, 61
26, 31, 60, 79, 61, 1, 241, 35, 49
39, 69
120, 86, 202, 141, 58, 97, 221, 76, 169, 87, 71
65, 23, 194, 154, 72, 26, 206, 208, 122, 99, 78, 170
209, 12, 177, 53, 106, 201, 89, 5, 79, 124, 150, 177, 63
10, 25, 225, 183, 95, 46, 57, 28, 234, 48, 5, 110, 75
132, 129, 238, 90, 113, 176, 54, 46, 110
176, 219, 235, 217, 212, 174, 50, 205, 137, 18, 109, 115, 77, 37
152, 98, 191, 14, 74
169, 5, 55, 239, 191, 149
143, 45, 179, 170, 182, 30, 2, 9, 122, 190
70, 87, 67, 95, 44, 137
62, 121, 183, 32, 72, 120, 208, 189, 153, 119, 177, 104, 188, 57, 28
217, 62, 59
110
190
111, 89, 195, 134, 72, 3, 19
166, 26, 140, 226
23, 91, 119, 38
65, 172, 229, 23
22, 54, 137, 36, 129, 46, 82, 164, 225
43, 128
159, 39, 90
6, 182, 156, 8, 100
22, 160
83, 42, 46, 149, 6, 49, 47, 231, 60, 164, 52
184, 106, 182
174, 147, 25, 144, 193, 109, 191, 197, 62, 106, 38, 35, 122, 125, 53
150, 45, 39, 3, 176, 142, 204, 6, 236, 93, 211
36, 8
163, 175, 113, 53, 240, 83, 63, 206, 69, 88, 205, 215
121, 13, 121, 210, 67, 20, 120, 67, 232, 72, 222, 129, 128, 64
41, 31, 213, 195, 207, 109
98, 17
201, 124, 65, 236, 17, 132, 42, 3, 135
